Data: 6 / 12 / 2021
PUC CAMPINAS CHAMPIONSHIP
Matheus X Gomes
0. 6444
1. 1333
2.D7337
3. 1434
4. 4433
5.D0347
6.D3717
7.D4767
8.D1707
9.D6777
10.D0706
11.D7776
12.D0616
13.D7666
14.D1615
15.D6665
16.D1505
17.D6575
18.D0502
19.D7572
20.D0212
21.D7262
22.D1211
23.D6261
24.D1101
25.D6160
26.D0100
27.D6070
28.D0010
29.D7071
30.D1054
31.D7161
32.D5434
33.D6163
34.R7475
35.D6333
36.R7576
37.D3334
38.R7677
39.D3445
40.R7776
41.D4555
42.R7666
43.D5545
44.R6677
45.D4555
46.R7767
47.D5545
48.R6777
49.D4565
Empate